0 310 mapa_Origem_tempo_relativo_areas_de_ponderacao ID
158 121         371.627336
158 161         880.387409
158 120         382.332928
158 159         1235.77366
158 119         782.835201
158 118         488.790325
159 118         356.636069
159 160         1100.55723
159 121         519.096608
159 161         1518.57585
159 158         1235.77366
159 163         562.708911
160 159         1100.55723
160 122         1452.10375
160 117         1237.87238
160 161         1725.08425
160 163         4082.85448
160 121         1322.16387
117 160         1237.87238
117 122         1513.56723
117 20         1290.05864
117 1          1750.2117
117 162         3840.81775
117 123         1565.12728
1 124          982.17922
1 162         1196.05166
1 21         1685.30243
1 208         1966.87923
1 20          3021.6472
1 117          1750.2117
208 214          1061.3997
208 252         1144.61909
208 256           1146.184
208 1         1966.87923
208 21          2178.8653
208 20         1258.20438
264 224         214.472511
264 209         483.285413
264 210         247.845703
264 266         699.650767
264 265         525.441474
264 214         314.132608
209 214         685.503054
209 265         1160.23174
209 224         1071.12109
209 210         2834.16923
209 266         8916.27594
209 263         1209.26081
210 266         1479.65273
210 262         1909.36988
210 209         2834.16923
210 225         1910.49759
210 263         9587.79626
210 224         2984.15735
262 222         1814.22717
262 225         2923.10876
262 210         1909.36988
262 263         6219.55202
262 226         1993.18778
262 234          2493.9033
222 260         1144.21866
222 262         1814.22717
222 223          2180.0887
222 229         4253.14234
222 226         4030.05533
222 234         2577.81657
223 259          1333.0596
223 229         2057.70481
223 261          1758.8717
223 211         2836.16578
223 216         3943.61476
223 222          2180.0887
211 218         1270.76254
211 290         1913.60124
211 271         1434.99271
211 216         7158.61992
211 223         2836.16578
211 212         2306.69877
212 216         1044.69525
212 291         2293.44014
212 292         1353.75076
212 290         4756.61809
212 211         2306.69877
212 289         1355.00759
288 290         949.554672
288 293          4348.8825
288 294         1325.92985
288 292          5497.5165
288 291         2478.85389
288 267          1680.2512
267 279         966.558368
267 293         3810.24983
267 288          1680.2512
267 268         3916.75465
267 300         2794.32661
267 273         2062.96405
300 301         1717.41771
300 302         2197.34091
300 303         1778.86683
300 267         2794.32661
300 268         3417.32401
300 306          1946.6363
301 198         925.760467
301 303         1279.60683
301 300         1717.41771
301 306         15178.9568
301 304          1310.9126
301 305         3661.11793
305 307         1736.74081
305 203         2486.60055
305 304         3428.91275
305 198         3180.66748
305 306         6355.85909
305 301         3661.11793
198 310         1182.31175
198 203         2708.14687
198 304         1361.22881
198 307         12693.7735
198 308         3106.24728
198 305         3180.66748
307 305         1736.74081
307 203         3613.16828
307 310           2228.292
307 308         12164.6522
307 198         12693.7735
307 309         2421.75541
308 204          1718.8684
308 310         4856.69146
308 203          2898.6428
308 307         12164.6522
308 309         7841.56519
308 198         3106.24728
309 198         1174.31441
309 203         1418.42028
309 204           1436.315
309 307         2421.75541
309 308         7841.56519
309 310         6006.04285
310 199         1337.59422
310 308         4856.69146
310 307           2228.292
310 309         6006.04285
310 204         5377.31093
310 203         3098.37241
199 201          2226.2609
199 204         4158.98614
199 270         2266.27125
199 200         7458.42176
199 205         6401.74659
199 269         2710.19659
200 204         1604.35919
200 296         1896.12937
200 205         1748.60638
200 199         7458.42176
200 202         2304.35155
200 201          6692.3392
201 298         1909.74638
201 202         4635.64448
201 199          2226.2609
201 296         5877.80752
201 207         2615.77138
201 200          6692.3392
202 2          1492.4248
202 296         1604.62809
202 200         2304.35155
202 207           8073.141
202 201         4635.64448
202 206         3611.10763
2 202          1492.4248
2 206         1931.67262
2 23         1649.43179
2 22          4252.3156
2 3          2336.6531
2 207         1816.84756
3 207         1044.27504
3 23         4159.42748
3 206         1428.25676
3 22         7255.37037
3 2          2336.6531
3 4         2088.95961
4 22          1040.3409
4 23         1288.81179
4 197         1091.78337
4 3         2088.95961
4 196          1315.3742
4 25         2523.05138
196 187         1000.00946
196 197         2010.44725
196 4          1315.3742
196 188         2434.73476
196 186         4081.57287
196 25         1622.56049
186 194         1031.19312
186 187         3852.64154
186 25         1046.26009
186 188         6294.11329
186 196         4081.57287
186 197         2109.85195
187 189         1227.88422
187 188         2981.13123
187 26         1433.67737
187 186         3852.64154
187 194         2982.86594
187 195         2354.13869
194 44         1582.83062
194 195         6703.17601
194 189         2412.16134
194 26         7329.73789
194 190         7582.77657
194 187         2982.86594
195 187         2354.13869
195 190         4845.89533
195 191         2363.12369
195 189         12752.9313
195 194         6703.17601
195 192         2514.17458
189 194         2412.16134
189 193         2550.88769
189 190         3064.24629
189 195         12752.9313
189 192         8095.10635
189 191          4065.0111
192 190          1370.0128
192 195         2514.17458
192 27          1716.4175
192 193         7178.37875
192 189         8095.10635
192 191         3575.34616
193 45         2408.26444
193 164         2597.39844
193 189         2550.88769
193 191         5267.66938
193 27         5328.39939
193 192         7178.37875
164 5         1642.29056
164 193         2597.39844
164 46         1688.73218
164 28         9306.69037
164 45         3357.34656
164 27         1832.19464
5 7         1519.04389
5 46         1871.47669
5 164         1642.29056
5 29         5363.55599
5 6         4323.56011
5 28         2805.09727
6 257         1624.53529
6 29         2489.90165
6 165         1814.07823
6 5         4323.56011
6 7         6932.79303
6 8         2272.83094
7 5         1519.04389
7 29         1635.83881
7 258         1832.71642
7 257         2647.15209
7 6         6932.79303
7 8         2567.61055
8 30         2168.96959
8 7         2567.61055
8 6         2272.83094
8 170         2571.14133
8 31         3258.99911
8 165         4456.29882
165 31          1333.6535
165 185         3210.66818
165 171         1809.14663
165 8         4456.29882
165 170         7239.73225
165 6         1814.07823
185 167         1163.43539
185 170         2983.26058
185 177          2252.1155
185 171         5322.64684
185 166         3562.25208
185 165         3210.66818
166 170         1209.01551
166 185         3562.25208
166 168         1424.06324
166 171         5400.34816
166 167         4878.24018
166 177         3870.33364
167 185         1163.43539
167 168         4097.36379
167 179         1236.87952
167 177         4120.87352
167 166         4878.24018
167 171         2620.11652
168 171         1911.38421
168 167         4097.36379
168 178         1928.04619
168 179         5761.57971
168 177         4162.43885
168 169         2228.65452
169 175         2717.27164
169 183         3429.38443
169 32         2906.49924
169 176         6588.84725
169 33         4898.42158
169 179         4171.53836
175 169         2717.27164
175 33         4041.60519
175 35         4474.62858
175 176         19141.1484
175 172          6231.3585
175 34         5526.29462
172 34          2093.5667
172 35         4929.67971
172 176         2967.63984
172 175          6231.3585
172 173         7167.60422
172 36         3952.37929
173 175         1685.82006
173 36          3740.1388
173 9         2389.94083
173 174         4879.93134
173 172         7167.60422
173 35         2451.31264
174 175         716.097441
174 36         1137.45038
174 35         842.486537
174 172         1626.18116
174 173         4879.93134
174 9         1418.18666
9 10         1347.14565
9 35         1629.21821
9 174         1418.18666
9 36         3610.53765
9 173         2389.94083
9 71         1572.40094
10 80         1071.19554
10 79         1443.41579
10 9         1347.14565
10 71         1689.25755
10 38         6862.72734
10 11         1485.93051
11 83          699.03843
11 10         1485.93051
11 79           1012.603
11 80          3104.5732
11 38         2239.14929
11 81         1101.89108
12 38         239.187279
12 77         355.848691
12 82         305.677658
12 80         381.406478
12 81          560.17703
12 11         509.486857
13 11         83.9299345
13 64         92.5135134
13 81         98.5787223
13 14         169.815801
13 77         185.378457
13 12         237.771869
14 82         35.2519197
14 64         66.5669837
14 81         38.1841464
14 77         72.9578927
14 13         169.815801
14 12         54.2369652
64 83         115.720677
64 82         171.317435
64 78         146.918926
64 77         582.792765
64 76         301.550899
64 81         149.318844
76 84         400.380885
76 72         614.922903
76 83         455.854156
76 73         615.109723
76 82         701.048786
76 78         562.512337
78 100         345.695391
78 67          464.80437
78 76         562.512337
78 65          4357.3346
78 73          1184.0167
78 66         860.181637
65 100         493.692802
65 67         954.417675
65 101         519.002639
65 78          4357.3346
65 66         1728.78427
65 73          905.46293
66 73         1189.94223
66 101         2049.24198
66 103         1197.68791
66 67         2991.74801
66 100         2274.63462
66 65         1728.78427
67 100         1446.32902
67 69         1568.10832
67 66         2991.74801
67 68         5448.58942
67 103         3284.10011
67 101         3946.76915
68 86         1306.78457
68 67         5448.58942
68 104         1693.19277
68 69         6752.00688
68 103         7950.21585
68 101         3654.67342
69 104         2136.87551
69 70         3787.76741
69 101         2182.22927
69 103         5670.01293
69 68         6752.00688
69 86         2222.34617
70 108          1771.2798
70 87         2821.24625
70 104         1894.98417
70 69         3787.76741
70 86         3517.03039
70 110         3178.16412
110 111         1110.00679
110 106         3212.05533
110 86          1603.1939
110 87         3363.64432
110 108          5164.2375
110 70         3178.16412
106 109         1584.16993
106 108         4128.63254
106 87         1669.53638
106 107         4852.44229
106 111         4047.69955
106 110         3212.05533
107 108         1295.39382
107 111         4771.12334
107 88         1301.34702
107 106         4852.44229
107 109         4912.72601
107 15         1320.45427
15 107         1320.45427
15 133         3028.43448
15 109         1404.26077
15 88         12300.9074
15 16         6165.36159
15 99         2294.76093
16 141         1573.29797
16 17         1856.24038
16 143         3148.43999
16 15         6165.36159
16 88         2120.20665
16 133         4745.38199
17 15         856.825803
17 18         1387.71252
17 143         1505.09627
17 141          3500.9898
17 19         2576.82118
17 16         1856.24038
18 107         408.684588
18 141         709.426062
18 110         462.363732
18 19         4059.51817
18 17         1387.71252
18 106         468.288798
19 142         528.476146
19 141         1755.26101
19 16         565.239952
19 18         4059.51817
19 17         2576.82118
19 143         676.155071
141 133          1114.4224
141 16         1573.29797
141 142         2505.21125
141 19         1755.26101
141 143         4421.64149
141 17          3500.9898
142 132         1119.99017
142 133         2039.53227
142 16         1248.74896
142 143         8466.75656
142 141         2505.21125
142 129          2345.4576
129 134         729.499795
129 132         822.302833
129 131         930.798327
129 143         1010.12357
129 130          2388.7911
129 142          2345.4576
130 136          968.64791
130 135         1464.69824
130 137         1114.34211
130 129          2388.7911
130 131         2027.85057
130 134         1187.02989
131 153         750.779193
131 129         930.798327
131 139         1396.24116
131 144         1203.85353
131 130         2027.85057
131 137         4920.78776
144 126         589.423695
144 137         1579.61344
144 139          709.55681
144 125         1678.00369
144 131         1203.85353
144 118         1071.34107
118 120          541.32937
118 144         1071.34107
118 126         601.444276
118 125         1219.22457
118 121         1392.80319
118 161         1135.17719
119 144         233.719953
119 161         328.577597
119 159         256.493464
119 158         782.835201
119 120         3203.54279
119 118         522.472981
120 121         212.002795
120 158         382.332928
120 161         252.252072
120 118          541.32937
120 119         3203.54279
120 144         313.842459
161 158         880.387409
161 159         1518.57585
161 118         1135.17719
161 160         1725.08425
161 121         2614.68136
161 163         1549.63523
121 118         1392.80319
121 122         1628.21105
121 125         1602.53067
121 163         3654.70518
121 161         2614.68136
121 126         1811.89643
163 126         1322.82117
163 160         4082.85448
163 162           1326.779
163 122         5712.20529
163 121         3654.70518
163 161         1549.63523
122 126         1991.03223
122 123         2531.50072
122 128          2242.6923
122 163         5712.20529
122 162         3512.09741
122 127         3400.83375
162 20          2180.3761
162 122         3512.09741
162 124          2330.9228
162 117         3840.81775
162 128         3516.34264
162 123         11364.0158
123 122         2531.50072
123 151         2715.29271
123 127         3142.50464
123 124         5556.84532
123 128           14473.23
123 162         11364.0158
124 162          2330.9228
124 128         4318.66585
124 40         3582.66294
124 151         4704.11202
124 123         5556.84532
124 20         4996.82185
20 162          2180.3761
20 40         2933.70946
20 123         2481.79486
20 21         5601.98009
20 124         4996.82185
20 1          3021.6472
21 1         1685.30243
21 256         3580.28479
21 208          2178.8653
21 40         7352.06514
21 20         5601.98009
21 124         2286.99565
256 255         1749.52428
256 21         3580.28479
256 41         3313.33657
256 252         4315.08378
256 40         4738.10429
256 253         3711.30984
252 254         1266.17677
252 213          2323.2988
252 21         1298.85082
252 255         2444.56449
252 253         9182.16602
252 256         4315.08378
213 253         1329.30909
213 252          2323.2988
213 265          1634.7239
213 224         2574.83147
213 214         5937.17117
213 232         3141.84185
214 208          1061.3997
214 252         1230.58118
214 232         1143.21617
214 224         1497.99322
214 213         5937.17117
214 265         5700.62507
265 210         782.041772
265 209         1160.23174
265 224         1137.01379
265 266         2333.70992
265 214         5700.62507
265 213          1634.7239
266 263         763.770837
266 214         994.891619
266 224         977.625766
266 209         8916.27594
266 265         2333.70992
266 210         1479.65273
224 233         1636.96622
224 263          2477.3083
224 213         2574.83147
224 225         4931.73068
224 232         4892.63611
224 210         2984.15735
263 209         1209.26081
263 225          3296.5569
263 234         1261.53156
263 262         6219.55202
263 210         9587.79626
263 224          2477.3083
225 262         2923.10876
225 263          3296.5569
225 234         3456.38736
225 233         3789.51279
225 232         4697.10291
225 224         4931.73068
226 227         1950.52607
226 225         2011.36596
226 262         1993.18778
226 222         4030.05533
226 233         2107.45319
226 234         34735.1724
227 232         1350.90133
227 226         1950.52607
227 254         1989.10455
227 233         4488.24187
227 234         2108.78654
227 235         3236.18633
228 227         1328.10145
228 229         1351.67858
228 235         1601.25009
228 251         1799.72406
228 260         1769.10301
228 230         2988.38285
229 226         1440.15951
229 259         3899.37862
229 261         1666.07469
229 222         4253.14234
229 260         4549.42215
229 223         2057.70481
215 261         1904.41997
215 284         2239.76176
215 216           2012.773
215 217         4905.16122
215 218         9500.78187
215 271          2615.1305
216 261          1340.5156
216 218         2943.75287
216 215           2012.773
216 211         7158.61992
216 223         3943.61476
216 271         2426.82318
289 295         2274.93422
289 271         4788.96724
289 291         3013.59115
289 290         6059.53529
289 272         15343.9475
289 294         3289.06331
290 211         1913.60124
290 272         2450.65127
290 292         2598.25485
290 291         6423.72776
290 289         6059.53529
290 212         4756.61809
291 212         2293.44014
291 294          2758.7429
291 288         2478.85389
291 290         6423.72776
291 289         3013.59115
291 292         19274.3951
292 289         1861.82072
292 293         3390.90413
292 290         2598.25485
292 288          5497.5165
292 291         19274.3951
292 294         3119.10298
293 268         1977.20041
293 292         3390.90413
293 294         2922.58761
293 288          4348.8825
293 267         3810.24983
293 273         3199.03127
268 302         2020.92138
268 300         3417.32401
268 274         2847.53419
268 273         5803.09674
268 267         3916.75465
268 279         2879.24344
302 268         2020.92138
302 275         2159.00558
302 300         2197.34091
302 303         5865.24282
302 269         2882.00547
302 274         3252.05479
303 300         1778.86683
303 269         2898.73909
303 306         2427.28379
303 304          5387.2455
303 302         5865.24282
303 205         2706.61963
306 203         1193.48392
306 303         2427.28379
306 300          1946.6363
306 301         15178.9568
306 304         2563.18049
306 305         6355.85909
304 204         2364.60429
304 303          5387.2455
304 306         2563.18049
304 203         5532.71339
304 305         3428.91275
304 205         4127.78312
203 198         2708.14687
203 308          2898.6428
203 310         3098.37241
203 307         3613.16828
203 304         5532.71339
203 204         5178.82847
204 308          1718.8684
204 199         4158.98614
204 304         2364.60429
204 203         5178.82847
204 310         5377.31093
204 205         4999.87199
205 203         2565.27533
205 304         4127.78312
205 303         2706.61963
205 199         6401.74659
205 204         4999.87199
205 269         4927.57731
269 199         2710.19659
269 303         2898.73909
269 302         2882.00547
269 297         2945.67002
269 205         4927.57731
269 270         16466.4075
270 205         2412.67854
270 275          2984.4498
270 298         2911.07205
270 269         16466.4075
270 297         7606.24322
270 296         2972.45907
296 200         1896.12937
296 299         2447.69773
296 270         2972.45907
296 298         10255.3636
296 201         5877.80752
296 297         3878.91524
206 24         1741.50195
206 22         4457.31246
206 2         1931.67262
206 207         31523.7349
206 23         4580.64931
206 202         3611.10763
207 2         1816.84756
207 23         2418.58952
207 201         2615.77138
207 22         2707.37342
207 206         31523.7349
207 202           8073.141
22 202         1300.31891
22 3         7255.37037
22 207         2707.37342
22 23         11262.2067
22 206         4457.31246
22 2          4252.3156
23 2         1649.43179
23 3         4159.42748
23 24         1733.86615
23 22         11262.2067
23 206         4580.64931
23 207         2418.58952
24 207         1359.92963
24 296         1373.32312
24 299         1416.45859
24 23         1733.86615
24 206         1741.50195
24 298         1572.51675
25 23         1172.18142
25 4         2523.05138
25 196         1622.56049
25 197         6630.46088
25 43         3052.66719
25 188         1993.14856
188 25         1993.14856
188 187         2981.13123
188 196         2434.73476
188 186         6294.11329
188 197         8546.96448
188 43         2881.49813
26 188         1600.55025
26 42         1703.86403
26 195         1831.97883
26 194         7329.73789
26 190          4396.6567
26 43         2329.81085
190 189         3064.24629
190 26          4396.6567
190 191         3549.18193
190 44         5317.54175
190 194         7582.77657
190 195         4845.89533
191 190         3549.18193
191 193         5267.66938
191 192         3575.34616
191 44          5597.4722
191 27         5145.28484
191 189          4065.0111
27 286          2129.8804
27 191         5145.28484
27 219         2134.26623
27 193         5328.39939
27 45         6599.09657
27 44         2410.58117
28 220         2002.18644
28 29         3351.85763
28 5         2805.09727
28 164         9306.69037
28 46         4893.36712
28 45         4597.84244
29 6         2489.90165
29 5         5363.55599
29 220         2599.41297
29 46         7040.98254
29 28         3351.85763
29 257         2875.92156
257 6         1624.53529
257 7         2647.15209
257 46         1723.24628
257 29         2875.92156
257 258         3800.59933
257 221         3073.41584
258 7         1832.71642
258 231         2226.44804
258 259         1857.99278
258 257         3800.59933
258 230         2763.60909
258 260          3481.7785
230 251         1527.64058
230 238         1821.57669
230 260         1656.48516
230 258         2763.60909
230 231         7267.88247
230 228         2988.38285
231 228         1122.05498
231 238         2666.37502
231 7         1480.58874
231 230         7267.88247
231 30         4765.21465
231 258         2226.44804
30 7         1466.29339
30 230         1482.46917
30 8         2168.96959
30 31         3163.89916
30 231         4765.21465
30 238         2564.26095
31 170         1805.27878
31 30         3163.89916
31 184         2225.66205
31 48         9810.20822
31 8         3258.99911
31 47         2644.24688
170 177         2434.71463
170 185         2983.26058
170 8         2571.14133
170 171         3862.79357
170 165         7239.73225
170 184         3050.62989
171 168         1911.38421
171 167         2620.11652
171 166         5400.34816
171 185         5322.64684
171 170         3862.79357
171 177         18127.3004
177 185          2252.1155
177 170         2434.71463
177 166         3870.33364
177 167         4120.87352
177 171         18127.3004
177 168         4162.43885
184 31         2225.66205
184 178         2756.73777
184 180         2400.06742
184 48         5095.65352
184 170         3050.62989
184 181         2664.53154
178 183         2318.74536
178 184         2756.73777
178 180         2349.09789
178 179         4186.48546
178 181         6311.59876
178 182         4164.21025
179 177         1392.18243
179 32         1856.09023
179 178         4186.48546
179 169         4171.53836
179 168         5761.57971
179 183         5077.38094
183 33         2547.19144
183 49         2583.97175
183 50         3110.08467
183 169         3429.38443
183 32         8694.50671
183 179         5077.38094
32 49         2145.10747
32 169         2906.49924
32 89         2944.57723
32 33         6212.09185
32 50         17439.4777
32 183         8694.50671
33 175         4041.60519
33 169         4898.42158
33 50           4731.091
33 32         6212.09185
33 176         5227.44658
33 34         5921.07471
176 35         2060.71883
176 172         2967.63984
176 34         3211.17432
176 175         19141.1484
176 169         6588.84725
176 33         5227.44658
34 113         2694.51434
34 176         3211.17432
34 35          6348.8011
34 175         5526.29462
34 33         5921.07471
34 37          8085.0182
35 173         2451.31264
35 175         4474.62858
35 172         4929.67971
35 34          6348.8011
35 36         15095.1527
35 37          6869.7947
36 34          2375.6786
36 173          3740.1388
36 37          3537.6194
36 172         3952.37929
36 35         15095.1527
36 9         3610.53765
37 89         1921.64438
37 175         1995.92259
37 34          8085.0182
37 36          3537.6194
37 35          6869.7947
37 113          10360.433
113 89         2137.42042
113 90          2965.9015
113 35         2145.28894
113 85         3070.81862
113 37          10360.433
113 34         2694.51434
85 114         1118.65118
85 93         2026.90349
85 89         1267.99015
85 90         3979.80033
85 113         3070.81862
85 37         1290.97572
114 93         982.680427
114 84         1026.41869
114 113         1086.90732
114 71         2645.28424
114 75         3194.83181
114 85         1118.65118
71 9         1572.40094
71 75         2267.33095
71 10         1689.25755
71 114         2645.28424
71 79         2720.09995
71 38         2057.14856
79 75         1910.92381
79 71         2720.09995
79 84         2421.84326
79 80         2781.13888
79 38         4118.59583
79 83          3415.7434
38 83         1096.76622
38 80         2656.73301
38 71         2057.14856
38 10         6862.72734
38 79         4118.59583
38 11         2239.14929
80 82         1528.37447
80 79         2781.13888
80 83         2484.63835
80 11          3104.5732
80 81         2798.85155
80 38         2656.73301
81 38         681.727026
81 79         825.336114
81 83         1536.90818
81 80         2798.85155
81 11         1101.89108
81 82         4009.97597
82 72         888.702115
82 79         901.212308
82 84         954.258568
82 80         1528.37447
82 81         4009.97597
82 83         3171.00741
77 80         207.425832
77 81         391.227415
77 76         296.896771
77 64         582.792765
77 82         360.180919
77 12         355.848691
72 73          776.46667
72 79         952.643946
72 82         888.702115
72 75         1963.76975
72 84         6287.33533
72 83         1841.84644
73 100         667.168362
73 74          1171.1513
73 72          776.46667
73 78          1184.0167
73 66         1189.94223
73 65          905.46293
74 105         916.129205
74 73          1171.1513
74 102         1113.26856
74 100         1382.93868
74 94         1622.65381
74 93         1149.62937
100 105         1939.09247
100 101         4911.62093
100 103         2102.49274
100 102         7769.44971
100 104         2941.42519
100 66         2274.63462
101 102         2803.94892
101 67         3946.76915
101 68         3654.67342
101 104         5384.68914
101 100         4911.62093
101 103         15081.5469
103 86         3144.75246
103 67         3284.10011
103 104         5728.41065
103 69         5670.01293
103 68         7950.21585
103 101         15081.5469
86 108         2438.67284
86 102         2664.37342
86 103         3144.75246
86 87         7910.12387
86 104         15384.1771
86 70         3517.03039
87 97         2716.65501
87 110         3363.64432
87 70         2821.24625
87 86         7910.12387
87 108         12267.1241
87 104         2903.62258
108 86         2438.67284
108 106         4128.63254
108 111         2521.66703
108 110          5164.2375
108 87         12267.1241
108 97         3063.05188
111 108         2521.66703
111 112         4333.11746
111 97         2938.41749
111 107         4771.12334
111 109         5368.94816
111 106         4047.69955
109 88         2027.62257
109 112         2223.39368
109 99         3092.36029
109 107         4912.72601
109 111         5368.94816
109 98         3330.16934
88 133         1564.32258
88 16         2120.20665
88 98         1779.61415
88 15         12300.9074
88 99         6877.24957
88 109         2027.62257
39 145          1078.1802
39 88           1520.251
39 58         1090.01845
39 51         2618.12892
39 115         1488.10561
39 99         1436.07285
132 145         861.623107
132 143         1013.57613
132 39         942.492223
132 142         1119.99017
132 133         2214.94673
132 134         1946.29873
133 88         1564.32258
133 15         3028.43448
133 142         2039.53227
133 143         3934.43222
133 16         4745.38199
133 132         2214.94673
143 15         1198.44562
143 133         3934.43222
143 17         1505.09627
143 141         4421.64149
143 16         3148.43999
143 142         8466.75656
134 149         1116.03297
134 146         1719.76099
134 130         1187.02989
134 135          3234.2549
134 132         1946.29873
134 138         1670.91626
135 149         1213.31882
135 138         3094.69343
135 130         1464.69824
135 136          5641.4693
135 134          3234.2549
135 140         1469.17582
136 140         1346.63088
136 138         2064.33112
136 154         1554.26828
136 153         2107.84921
136 135          5641.4693
136 152         1863.41393
137 130         1114.34211
137 144         1579.61344
137 153         1527.60237
137 125         1618.09084
137 139         4488.12282
137 131         4920.78776
125 139         1429.11184
125 144         1678.00369
125 121         1602.53067
125 157         1923.50611
125 126         3427.93623
125 137         1618.09084
126 139         1437.65505
126 125         3427.93623
126 121         1811.89643
126 157         16708.1557
126 127         3798.69509
126 122         1991.03223
127 154          2292.9855
127 126         3798.69509
127 123         3142.50464
127 157         7413.73027
127 128         7203.68285
127 122         3400.83375
128 122          2242.6923
128 124         4318.66585
128 162         3516.34264
128 151         5559.13769
128 123           14473.23
128 127         7203.68285
151 155         2627.70289
151 156         2876.39915
151 123         2715.29271
151 124         4704.11202
151 128         5559.13769
151 152         3481.63254
40 41           2608.147
40 156          2729.5814
40 20         2933.70946
40 21         7352.06514
40 124         3582.66294
40 256         4738.10429
41 255         1966.76682
41 40           2608.147
41 253         1998.61131
41 156         3975.41423
41 53         4696.03843
41 256         3313.33657
253 213         1329.30909
253 254         2992.06505
253 41         1998.61131
253 252         9182.16602
253 255         10147.4663
253 256         3711.30984
232 227         1350.90133
232 234         1440.57759
232 213         3141.84185
232 225         4697.10291
232 233         6095.09481
232 224         4892.63611
233 224         1636.96622
233 225         3789.51279
233 226         2107.45319
233 227         4488.24187
233 232         6095.09481
233 234         3213.71154
234 227         2108.78654
234 262          2493.9033
234 233         3213.71154
234 225         3456.38736
234 222         2577.81657
234 226         34735.1724
254 233         1383.65359
254 235         1770.79729
254 227         1989.10455
254 255         12998.8265
254 253         2992.06505
254 236         2116.24238
235 228         1601.25009
235 236         2643.83657
235 239         1634.76769
235 251         3680.83903
235 227         3236.18633
235 254         1770.79729
251 249         1534.88376
251 228         1799.72406
251 248         1848.64552
251 238         2341.56378
251 239         4762.36084
251 235         3680.83903
260 261         1603.66723
260 228         1769.10301
260 230         1656.48516
260 258          3481.7785
260 229         4549.42215
260 259         7103.46396
259 257         1366.72093
259 258         1857.99278
259 221         2547.58871
259 260         7103.46396
259 229         3899.37862
259 261          5809.7419
261 229         1666.07469
261 215         1904.41997
261 223          1758.8717
261 221         3230.21884
261 259          5809.7419
261 217         2679.54855
217 218         1665.90664
217 220         2054.03254
217 221         2550.67185
217 219         2313.62595
217 215         4905.16122
217 261         2679.54855
282 277         1553.69276
282 287         2853.01934
282 286         2322.48721
282 285         5008.21353
282 283         4693.95126
282 284         3087.97475
283 295         1769.04075
283 278         3974.15194
283 272         1901.81751
283 287         8190.03728
283 284         7895.01762
283 282         4693.95126
284 215         2239.76176
284 218         4126.27322
284 282         3087.97475
284 272          4191.1632
284 283         7895.01762
284 271         4684.22649
218 289         1774.17196
218 272         3189.39187
218 216         2943.75287
218 215         9500.78187
218 284         4126.27322
218 271         11518.1756
271 216         2426.82318
271 289         4788.96724
271 215          2615.1305
271 218         11518.1756
271 272         12959.8496
271 284         4684.22649
272 295         2386.19278
272 290         2450.65127
272 218         3189.39187
272 271         12959.8496
272 289         15343.9475
272 284          4191.1632
295 279         2131.31669
295 272         2386.19278
295 289         2274.93422
295 273           2629.524
295 294         10251.8538
295 278         6286.50533
294 273         2436.94119
294 293         2922.58761
294 291          2758.7429
294 295         10251.8538
294 292         3119.10298
294 289         3289.06331
273 274          2343.6808
273 293         3199.03127
273 294         2436.94119
273 268         5803.09674
273 279         7265.75538
273 295           2629.524
274 273          2343.6808
274 268         2847.53419
274 280         2827.36664
274 275         5073.99771
274 279         6125.27183
274 302         3252.05479
275 276         2316.26019
275 274         5073.99771
275 298         2440.87657
275 297         7445.52018
275 299         3604.32814
275 270          2984.4498
297 269         2945.67002
297 275         7445.52018
297 296         3878.91524
297 270         7606.24322
297 298         9693.62249
297 299         5982.81909
298 201         1909.74638
298 297         9693.62249
298 275         2440.87657
298 296         10255.3636
298 299         9326.55426
298 270         2911.07205
299 270         1694.59014
299 296         2447.69773
299 276         2886.36209
299 298         9326.55426
299 297         5982.81909
299 275         3604.32814
276 279         1676.18992
276 277         2698.27523
276 281         2054.56728
276 299         2886.36209
276 280         4231.26048
276 275         2316.26019
42 276         964.580717
42 26         1703.86403
42 24         1164.63594
42 43         1759.07998
42 281         3666.35276
42 277          1587.1564
43 194         1189.27521
43 25         3052.66719
43 42         1759.07998
43 197         7185.16151
43 26         2329.81085
43 188         2881.49813
197 26         1337.09549
197 186         2109.85195
197 196         2010.44725
197 25         6630.46088
197 188         8546.96448
197 43         7185.16151
285 287         1717.26987
285 281          1772.8672
285 277         1954.98379
285 282         5008.21353
285 286         3148.75945
285 44         1972.86128
286 45         1686.45659
286 282         2322.48721
286 44         1738.42448
286 285         3148.75945
286 219         8766.02579
286 27          2129.8804
44 194         1582.83062
44 27         2410.58117
44 286         1738.42448
44 190         5317.54175
44 191          5597.4722
44 285         1972.86128
219 46         1740.61868
219 217         2313.62595
219 27         2134.26623
219 220         3134.94055
219 286         8766.02579
219 45         2931.84535
45 220          2479.0678
45 164         3357.34656
45 219         2931.84535
45 27         6599.09657
45 28         4597.84244
45 46          3115.2322
46 5         1871.47669
46 28         4893.36712
46 221         1953.72041
46 29         7040.98254
46 45          3115.2322
46 220         11710.7101
220 217         2054.03254
220 219         3134.94055
220 45          2479.0678
220 221         3550.12399
220 46         11710.7101
220 29         2599.41297
221 46         1953.72041
221 259         2547.58871
221 217         2550.67185
221 220         3550.12399
221 257         3073.41584
221 261         3230.21884
277 42          1587.1564
277 285         1954.98379
277 283         1756.38664
277 276         2698.27523
277 281         13406.7057
277 287         5546.68756
287 280          2026.9738
287 278           4769.025
287 281         2082.10621
287 283         8190.03728
287 277         5546.68756
287 282         2853.01934
278 294         1977.84972
278 283         3974.15194
278 279         2290.99721
278 287           4769.025
278 295         6286.50533
278 280          4482.0212
279 295         2131.31669
279 268         2879.24344
279 278         2290.99721
279 273         7265.75538
279 280         8135.71298
279 274         6125.27183
280 295         2035.73302
280 274         2827.36664
280 273         2155.81969
280 276         4231.26048
280 278          4482.0212
280 279         8135.71298
281 282         1063.88415
281 285          1772.8672
281 276         2054.56728
281 42         3666.35276
281 277         13406.7057
281 287         2082.10621
238 239         2026.64086
238 30         2564.26095
238 251         2341.56378
238 242         2884.78926
238 240         5675.07228
238 231         2666.37502
47 181         1949.48278
47 180         5024.09711
47 31         2644.24688
47 241         9743.03395
47 54         5718.06373
47 48         4355.95958
48 170          1710.9892
48 180         3882.37686
48 181         2257.79749
48 47         4355.95958
48 31         9810.20822
48 184         5095.65352
180 184         2400.06742
180 54         2526.60812
180 182         2697.56798
180 48         3882.37686
180 181         13614.0454
180 47         5024.09711
181 47         1949.48278
181 184         2664.53154
181 48         2257.79749
181 178         6311.59876
181 180         13614.0454
181 182         6314.23054
182 57         2092.67427
182 56         3256.05784
182 180         2697.56798
182 178         4164.21025
182 181         6314.23054
182 49         3333.28466
49 32         2145.10747
49 183         2583.97175
49 56         2244.67369
49 182         3333.28466
49 116          5163.6017
49 57         2419.77789
50 49         1879.52188
50 34         2016.41729
50 33           4731.091
50 183         3110.08467
50 32         17439.4777
50 89         8072.46446
89 113         2137.42042
89 32         2944.57723
89 34         2412.40499
89 90         5575.59169
89 50         8072.46446
89 33         2580.88532
90 37         1599.04415
90 91         2506.66301
90 50         1698.82107
90 85         3979.80033
90 113          2965.9015
90 89         5575.59169
91 85         971.339521
91 116         2049.48408
91 50         1269.41089
91 92         2820.47722
91 90         2506.66301
91 89         1857.64117
92 109         860.084394
92 95         1155.51137
92 112         1033.84646
92 98         2865.18044
92 91         2820.47722
92 99         1166.18179
93 90         748.752402
93 74         1149.62937
93 114         982.680427
93 85         2026.90349
93 94         2116.09243
93 95         1034.29468
75 83         1268.03605
75 79         1910.92381
75 71         2267.33095
75 72         1963.76975
75 114         3194.83181
